10
100
-740.31 867.12 1.00
-13.39 116.61 1.00
29.15 644.72 1.00
360.22 -293.14 1.00
-129.20 651.17 1.00
829.73 -548.09 1.00
888.25 -280.22 1.00
345.34 559.94 1.00
286.92 -572.68 1.00
-101.94 -22.12 1.00
555.62 -790.27 1.00
-679.11 227.68 1.00
200.99 906.80 1.00
588.38 595.31 1.00
-612.38 937.00 1.00
-996.31 487.36 1.00
-772.01 893.80 1.00
266.73 -626.08 1.00
-854.89 -688.11 1.00
220.95 -576.87 1.00
-607.98 -139.31 1.00
390.05 -79.94 1.00
-378.15 -262.76 1.00
-632.79 -435.02 1.00
-412.83 983.52 1.00
-985.12 -385.72 1.00
-405.53 -321.98 1.00
439.94 -922.83 1.00
337.92 -592.56 1.00
-763.41 -869.21 1.00
540.26 386.44 1.00
270.13 859.55 1.00
69.97 311.86 1.00
269.74 534.30 1.00
-696.42 543.99 1.00
859.76 -588.41 1.00
-901.52 667.09 1.00
425.29 959.05 1.00
-971.27 -988.47 1.00
337.34 -542.93 1.00
-407.30 -725.63 1.00
-557.03 -306.40 1.00
595.17 -605.50 1.00
984.83 712.78 1.00
585.39 767.29 1.00
-255.45 620.73 1.00
-49.24 -20.10 1.00
-524.45 295.84 1.00
-711.78 280.98 1.00
154.81 -883.49 1.00
899.70 580.49 1.00
-818.25 302.10 1.00
-756.47 -512.60 1.00
491.29 193.09 1.00
635.21 382.38 1.00
596.07 -101.56 1.00
200.14 814.32 1.00
-865.49 732.94 1.00
25.75 288.87 1.00
796.92 109.67 1.00
633.65 555.78 1.00
-982.39 -334.45 1.00
278.77 -532.50 1.00
-218.94 -177.37 1.00
-473.17 -112.18 1.00
868.02 -346.78 1.00
-367.25 -140.44 1.00
-144.32 957.01 1.00
-850.85 -248.95 1.00
-574.17 28.79 1.00
-499.83 85.09 1.00
-133.27 605.38 1.00
391.93 312.62 1.00
964.73 -146.21 1.00
-467.07 130.16 1.00
40.78 -225.75 1.00
-633.55 588.69 1.00
-726.15 -795.70 1.00
526.22 446.26 1.00
-842.96 -798.92 1.00
-416.77 -144.92 1.00
519.64 -841.02 1.00
-988.22 -213.21 1.00
-264.41 -454.31 1.00
975.25 -691.96 1.00
179.72 420.39 1.00
952.69 -182.66 1.00
797.65 814.84 1.00
744.38 974.44 1.00
-659.72 461.83 1.00
775.09 971.99 1.00
628.61 -923.57 1.00
542.72 448.61 1.00
-895.10 121.38 1.00
813.94 850.23 1.00
-788.14 91.70 1.00
251.80 -669.85 1.00
654.60 486.03 1.00
-953.39 -871.79 1.00
436.91 -548.33 1.00
100
-541.99 -55.46 1.00
-603.33 938.89 1.00
-814.01 439.17 1.00
-364.26 -828.32 1.00
-227.26 -439.58 1.00
-671.45 -707.93 1.00
11.27 518.09 1.00
968.47 356.54 1.00
964.72 918.59 1.00
-814.69 946.17 1.00
-315.73 -359.86 1.00
-419.37 -471.77 1.00
601.52 -821.91 1.00
-816.20 -438.95 1.00
-423.34 507.99 1.00
525.79 -287.52 1.00
991.18 -956.50 1.00
-788.58 -679.26 1.00
-715.91 -966.58 1.00
415.86 -941.58 1.00
-209.05 747.57 1.00
-386.85 -904.56 1.00
-800.61 662.81 1.00
783.45 569.43 1.00
-441.88 98.20 1.00
79.22 -341.45 1.00
870.36 353.80 1.00
335.15 -561.59 1.00
160.48 210.93 1.00
2.62 693.48 1.00
-306.03 -483.92 1.00
760.51 631.42 1.00
-651.60 424.47 1.00
-211.34 -141.85 1.00
348.46 619.33 1.00
734.02 -517.35 1.00
479.35 -218.75 1.00
-874.90 60.06 1.00
43.94 799.50 1.00
-62.19 -456.34 1.00
125.94 -863.06 1.00
-9.20 889.99 1.00
-105.24 -608.27 1.00
750.42 312.50 1.00
-605.17 70.27 1.00
249.29 989.16 1.00
850.63 552.38 1.00
600.19 777.73 1.00
-463.96 -839.72 1.00
150.82 172.62 1.00
-191.30 -42.94 1.00
507.69 478.28 1.00
-980.60 -69.72 1.00
-253.92 -810.89 1.00
715.13 -395.66 1.00
821.10 222.48 1.00
657.63 -330.19 1.00
865.47 871.79 1.00
11.86 -782.47 1.00
-3.60 -124.69 1.00
-941.00 44.11 1.00
642.12 146.41 1.00
37.23 -154.39 1.00
536.46 -58.01 1.00
-986.95 161.78 1.00
-345.19 325.23 1.00
348.82 -280.43 1.00
-941.43 -898.31 1.00
-751.35 480.30 1.00
-598.08 60.20 1.00
972.69 -104.99 1.00
-870.70 253.78 1.00
-254.90 192.28 1.00
243.71 324.35 1.00
-700.75 -429.40 1.00
-923.78 923.75 1.00
893.97 -854.57 1.00
433.12 -715.76 1.00
192.06 309.13 1.00
-618.54 632.38 1.00
-107.00 -278.01 1.00
798.24 327.51 1.00
-594.27 -827.37 1.00
657.93 -513.87 1.00
-963.80 -792.56 1.00
104.39 577.89 1.00
652.64 -37.63 1.00
-771.61 -629.92 1.00
-68.12 -359.78 1.00
-400.72 -721.80 1.00
716.48 -893.99 1.00
-255.58 -546.96 1.00
309.31 718.75 1.00
178.45 -947.51 1.00
-689.31 -121.88 1.00
430.43 -897.58 1.00
222.10 -936.14 1.00
-650.91 5.24 1.00
628.03 -455.91 1.00
515.84 973.01 1.00
100
914.38 -225.15 1.00
428.35 418.15 1.00
37.34 658.67 1.00
-71.61 -603.97 1.00
-224.48 669.55 1.00
47.84 460.35 1.00
-967.37 -521.58 1.00
173.64 369.81 1.00
-974.42 502.57 1.00
-695.27 -836.30 1.00
379.31 234.42 1.00
402.56 -476.09 1.00
151.80 653.61 1.00
370.94 -461.20 1.00
303.54 -360.52 1.00
-468.47 -457.43 1.00
475.05 877.48 1.00
-630.41 737.77 1.00
-478.41 -66.74 1.00
-553.23 -645.48 1.00
661.71 174.89 1.00
-743.91 142.35 1.00
483.27 -313.58 1.00
147.03 443.97 1.00
-284.08 -831.20 1.00
-257.77 497.46 1.00
-938.09 938.32 1.00
-824.37 594.37 1.00
31.67 -397.93 1.00
607.00 -60.47 1.00
-830.95 -127.40 1.00
913.39 720.72 1.00
-943.57 -275.88 1.00
-145.18 -843.85 1.00
-982.82 104.99 1.00
360.76 -134.59 1.00
-420.38 -108.96 1.00
933.67 -568.34 1.00
-957.44 -213.42 1.00
852.05 -3.48 1.00
-779.05 -610.50 1.00
-64.77 -917.58 1.00
221.21 538.76 1.00
560.99 -133.60 1.00
7.38 32.44 1.00
586.87 -89.67 1.00
370.65 -438.54 1.00
822.25 -140.46 1.00
-233.43 -471.16 1.00
158.75 -674.95 1.00
33.76 833.77 1.00
-124.42 -648.53 1.00
492.14 -1.44 1.00
478.76 781.65 1.00
-857.04 -702.02 1.00
-447.36 -724.53 1.00
-711.87 -979.39 1.00
54.28 -676.25 1.00
-530.45 676.92 1.00
455.09 400.52 1.00
-812.08 -696.95 1.00
568.15 83.90 1.00
-751.61 623.75 1.00
30.01 939.95 1.00
-426.65 -104.19 1.00
916.39 -10.06 1.00
-941.59 68.49 1.00
-510.99 -85.81 1.00
665.16 -777.33 1.00
330.12 -930.64 1.00
255.45 -794.27 1.00
159.84 276.66 1.00
-87.85 -271.84 1.00
-781.02 -34.70 1.00
68.48 -405.83 1.00
-487.32 -747.22 1.00
-141.06 -409.61 1.00
-218.70 811.97 1.00
219.03 -803.03 1.00
-562.14 -999.62 1.00
147.91 652.87 1.00
940.28 -862.51 1.00
671.20 -118.16 1.00
775.71 -404.20 1.00
882.29 -812.16 1.00
-785.05 903.84 1.00
-275.70 638.58 1.00
-34.69 955.01 1.00
-190.34 363.57 1.00
868.09 160.05 1.00
538.35 -535.83 1.00
-473.76 687.81 1.00
618.47 848.29 1.00
777.72 -769.33 1.00
-163.39 -882.87 1.00
911.16 -941.36 1.00
7.76 -631.42 1.00
-706.56 374.18 1.00
728.10 -42.39 1.00
-756.51 895.23 1.00
100
-194.42 987.54 1.00
-82.40 938.48 1.00
-462.96 -252.33 1.00
321.53 110.42 1.00
-539.75 340.15 1.00
324.64 109.62 1.00
538.42 960.81 1.00
91.13 -817.73 1.00
-947.04 -184.40 1.00
-618.52 -231.30 1.00
-609.33 884.83 1.00
-855.19 230.83 1.00
-718.22 135.45 1.00
677.32 -869.11 1.00
642.05 460.63 1.00
26.62 886.53 1.00
-105.21 -901.65 1.00
-227.29 -2.80 1.00
-629.55 791.44 1.00
-993.63 158.01 1.00
-588.02 749.81 1.00
911.68 -128.19 1.00
387.32 -316.50 1.00
744.52 500.09 1.00
263.92 689.27 1.00
988.10 -292.68 1.00
256.48 103.35 1.00
-558.03 545.51 1.00
-380.13 49.59 1.00
-466.54 296.42 1.00
-435.57 -618.30 1.00
501.16 950.46 1.00
-528.66 639.09 1.00
-195.30 916.62 1.00
-907.58 89.17 1.00
160.68 79.76 1.00
-868.00 468.76 1.00
-83.66 961.08 1.00
-919.49 -988.81 1.00
-497.20 559.38 1.00
187.77 549.73 1.00
874.61 -405.61 1.00
204.44 111.46 1.00
-489.80 -984.19 1.00
923.51 -425.58 1.00
22.25 794.04 1.00
729.54 -821.18 1.00
-905.62 819.58 1.00
-341.42 286.26 1.00
105.27 919.98 1.00
-712.57 121.23 1.00
770.34 -22.10 1.00
-809.26 -765.18 1.00
-748.38 -693.56 1.00
980.12 -522.63 1.00
672.39 -167.11 1.00
-724.61 920.14 1.00
-404.00 793.07 1.00
-513.25 -525.24 1.00
932.15 -449.51 1.00
322.23 315.32 1.00
187.21 -621.96 1.00
648.14 -908.08 1.00
-261.70 -263.38 1.00
-116.67 -746.97 1.00
405.66 -299.87 1.00
582.36 425.69 1.00
-220.76 257.22 1.00
-787.63 -486.55 1.00
404.73 457.83 1.00
-590.17 652.57 1.00
441.97 819.14 1.00
859.08 -66.56 1.00
-967.38 280.65 1.00
24.22 837.27 1.00
302.61 702.63 1.00
555.60 -551.08 1.00
-819.04 659.76 1.00
541.64 811.05 1.00
-827.58 -95.00 1.00
296.20 -47.44 1.00
163.31 -967.32 1.00
-760.36 869.67 1.00
-202.30 125.36 1.00
-220.21 636.88 1.00
298.46 -79.87 1.00
431.81 879.54 1.00
549.81 331.93 1.00
168.71 357.97 1.00
-522.37 293.02 1.00
-193.50 776.77 1.00
-339.42 -208.04 1.00
444.76 -851.07 1.00
522.74 -209.65 1.00
-557.93 949.77 1.00
-964.09 -899.25 1.00
185.54 100.30 1.00
-949.89 -133.59 1.00
-193.20 -535.50 1.00
-215.41 -651.41 1.00
100
942.11 314.22 1.00
-459.12 634.36 1.00
-591.52 668.99 1.00
560.08 -11.10 1.00
-64.20 -377.65 1.00
644.45 -150.66 1.00
-888.42 503.13 1.00
-912.73 -903.03 1.00
-989.38 -412.40 1.00
654.01 879.59 1.00
104.63 943.69 1.00
794.14 425.77 1.00
710.35 -449.92 1.00
251.16 -321.39 1.00
-233.30 337.89 1.00
-387.39 814.20 1.00
-439.42 409.54 1.00
387.97 720.83 1.00
262.46 134.21 1.00
-616.90 322.47 1.00
-706.49 768.29 1.00
753.32 537.28 1.00
44.72 -469.17 1.00
286.52 82.85 1.00
148.86 107.27 1.00
847.14 -552.63 1.00
936.44 -159.84 1.00
954.02 579.54 1.00
1.10 -370.62 1.00
145.54 93.95 1.00
389.89 63.72 1.00
158.70 -244.84 1.00
864.13 151.10 1.00
-410.10 514.45 1.00
660.35 -426.82 1.00
-839.80 883.44 1.00
370.18 448.60 1.00
-994.68 607.66 1.00
-483.87 639.23 1.00
746.91 527.05 1.00
12.83 334.79 1.00
-182.56 -336.87 1.00
-338.19 620.15 1.00
-253.67 421.80 1.00
-113.18 758.53 1.00
902.67 318.48 1.00
-210.88 848.59 1.00
-205.08 -306.35 1.00
367.13 -749.47 1.00
-452.07 439.26 1.00
-629.96 -178.45 1.00
-108.84 754.81 1.00
39.38 825.91 1.00
614.06 464.74 1.00
658.51 542.88 1.00
562.49 121.98 1.00
-57.45 -379.01 1.00
-754.50 399.82 1.00
582.50 -597.68 1.00
-123.28 -792.94 1.00
-23.83 -387.14 1.00
-914.92 805.18 1.00
538.82 326.99 1.00
-966.00 -502.99 1.00
156.69 898.14 1.00
293.72 -127.80 1.00
353.56 -488.80 1.00
-567.50 -953.99 1.00
533.30 568.00 1.00
-348.72 -514.13 1.00
-732.05 -288.24 1.00
609.77 -548.58 1.00
110.48 390.31 1.00
282.14 54.77 1.00
796.72 -544.67 1.00
-519.10 -456.52 1.00
-612.68 -569.45 1.00
260.87 764.93 1.00
364.78 519.03 1.00
-926.87 -494.39 1.00
876.18 569.85 1.00
-522.58 -193.21 1.00
261.03 649.76 1.00
699.65 961.03 1.00
57.81 -275.54 1.00
-339.14 -395.30 1.00
-304.35 384.21 1.00
-815.79 440.07 1.00
-561.28 271.78 1.00
653.37 -438.91 1.00
943.62 874.10 1.00
-226.62 719.70 1.00
718.78 749.95 1.00
-502.05 845.04 1.00
258.35 -276.86 1.00
-246.56 117.43 1.00
-226.39 -694.48 1.00
-482.33 -654.05 1.00
739.32 -620.36 1.00
843.87 696.28 1.00
100
475.04 -504.18 1.00
-535.02 741.26 1.00
914.51 -431.56 1.00
-77.55 246.63 1.00
210.90 -873.55 1.00
-264.21 861.86 1.00
3.99 -196.31 1.00
465.43 -205.67 1.00
677.19 319.94 1.00
-608.53 366.46 1.00
685.68 -860.31 1.00
-910.49 -466.27 1.00
61.19 -276.11 1.00
560.13 606.02 1.00
-625.01 -356.44 1.00
-185.93 -475.67 1.00
-427.05 -954.52 1.00
337.28 506.25 1.00
-0.39 975.74 1.00
-47.69 154.98 1.00
-846.46 861.08 1.00
-317.61 284.52 1.00
-726.34 588.52 1.00
-805.40 -769.24 1.00
359.40 625.61 1.00
936.10 -882.97 1.00
-266.10 457.88 1.00
746.43 339.33 1.00
-982.10 -147.68 1.00
655.36 -429.02 1.00
-232.57 -181.47 1.00
730.22 937.57 1.00
-953.72 -69.54 1.00
186.51 83.60 1.00
541.76 979.19 1.00
-414.57 857.59 1.00
-975.87 570.85 1.00
-524.40 -66.30 1.00
684.37 -994.29 1.00
623.13 879.72 1.00
-595.12 -883.86 1.00
-175.01 179.97 1.00
-968.20 528.87 1.00
-475.72 -920.38 1.00
221.80 192.92 1.00
45.03 594.24 1.00
-257.78 -129.06 1.00
-273.87 -6.34 1.00
850.08 -967.04 1.00
-472.63 316.87 1.00
695.96 -819.40 1.00
-32.52 526.93 1.00
-383.92 593.14 1.00
506.54 -981.43 1.00
879.04 598.92 1.00
-730.73 -987.34 1.00
173.75 62.39 1.00
-597.22 -649.18 1.00
137.53 -100.80 1.00
-262.93 -126.69 1.00
-691.37 -450.04 1.00
53.74 -902.49 1.00
131.94 -274.01 1.00
747.22 842.20 1.00
503.93 446.78 1.00
630.24 -505.01 1.00
447.69 -602.24 1.00
814.66 632.49 1.00
768.39 -845.90 1.00
703.30 -542.29 1.00
876.06 426.11 1.00
677.51 -958.16 1.00
-713.56 119.50 1.00
961.12 240.18 1.00
-230.34 444.78 1.00
450.86 119.31 1.00
303.64 894.88 1.00
846.04 -303.90 1.00
-958.05 -877.29 1.00
309.74 201.34 1.00
-706.97 604.14 1.00
-592.51 649.09 1.00
462.48 751.81 1.00
-963.04 -837.35 1.00
-73.93 988.39 1.00
638.67 212.89 1.00
905.14 -149.12 1.00
866.50 -619.81 1.00
768.31 -734.33 1.00
757.97 549.47 1.00
784.79 -462.23 1.00
-531.39 10.22 1.00
512.99 809.16 1.00
-793.72 293.27 1.00
-165.03 124.07 1.00
233.31 -637.42 1.00
-900.74 269.04 1.00
68.29 -984.35 1.00
-819.19 502.25 1.00
-99.56 837.43 1.00
100
966.04 -903.34 1.00
370.90 791.93 1.00
-933.42 916.07 1.00
127.89 112.42 1.00
416.13 652.64 1.00
-449.89 741.10 1.00
-915.19 183.48 1.00
407.03 132.71 1.00
396.32 -349.38 1.00
540.47 -793.26 1.00
248.70 -80.06 1.00
-475.13 -665.30 1.00
36.42 -441.26 1.00
-811.68 -802.32 1.00
742.73 -353.22 1.00
243.30 -577.37 1.00
-174.07 737.21 1.00
124.65 704.72 1.00
327.58 302.72 1.00
-605.38 -115.95 1.00
794.93 -362.48 1.00
18.47 -66.78 1.00
-867.40 338.95 1.00
-478.59 353.87 1.00
-942.95 649.59 1.00
471.16 775.94 1.00
-740.92 575.65 1.00
566.83 -383.70 1.00
-501.12 -849.68 1.00
929.08 62.30 1.00
-436.74 -654.90 1.00
-351.26 -513.20 1.00
798.54 816.06 1.00
55.71 46.50 1.00
876.25 845.14 1.00
177.81 -639.27 1.00
-205.70 -514.94 1.00
-406.92 -906.67 1.00
-599.91 970.37 1.00
-380.94 877.35 1.00
-315.09 -951.54 1.00
423.32 64.01 1.00
-886.59 897.92 1.00
-413.99 478.50 1.00
-493.32 632.53 1.00
-121.79 584.70 1.00
41.88 -589.25 1.00
392.01 650.02 1.00
600.85 -498.94 1.00
-920.06 -480.63 1.00
952.92 411.80 1.00
245.70 -392.39 1.00
-746.27 -986.18 1.00
641.25 -271.40 1.00
-671.89 -769.88 1.00
319.15 -779.77 1.00
-259.30 -21.35 1.00
955.29 160.10 1.00
-384.20 730.31 1.00
221.86 807.42 1.00
-453.35 240.09 1.00
320.59 -511.83 1.00
-522.05 -170.50 1.00
-586.59 -366.03 1.00
-751.54 -234.46 1.00
661.55 -663.81 1.00
322.88 969.86 1.00
962.04 691.86 1.00
-439.42 161.97 1.00
-73.16 -579.90 1.00
594.55 -922.43 1.00
-725.03 -695.11 1.00
-351.13 -596.57 1.00
26.79 652.64 1.00
-493.67 789.12 1.00
-779.48 -470.12 1.00
-733.98 627.06 1.00
-974.89 -18.78 1.00
573.34 159.88 1.00
-737.75 738.55 1.00
-513.01 366.07 1.00
903.39 242.93 1.00
-566.41 -26.51 1.00
-61.44 -740.47 1.00
411.04 437.56 1.00
940.18 997.86 1.00
-100.43 -817.19 1.00
488.83 -518.94 1.00
888.14 505.87 1.00
766.13 -295.62 1.00
-316.77 -438.65 1.00
-490.48 567.15 1.00
302.64 -107.03 1.00
579.25 801.97 1.00
-810.47 71.33 1.00
801.41 -182.56 1.00
-904.19 204.78 1.00
532.68 858.50 1.00
-713.52 435.84 1.00
-118.88 84.18 1.00
100
-319.15 -168.35 1.00
3.88 -197.14 1.00
722.74 -976.33 1.00
-5.25 893.86 1.00
-871.22 155.39 1.00
995.49 552.43 1.00
510.19 209.37 1.00
-505.11 293.60 1.00
150.14 -999.70 1.00
426.97 175.59 1.00
-568.35 329.54 1.00
-286.94 -157.19 1.00
-162.86 -888.89 1.00
-633.86 404.38 1.00
229.46 -108.40 1.00
-541.40 268.81 1.00
-507.93 -527.98 1.00
338.66 494.01 1.00
-458.77 -587.69 1.00
-207.81 -66.00 1.00
323.33 -17.55 1.00
-332.58 644.17 1.00
-446.50 399.23 1.00
-853.52 248.76 1.00
589.38 -728.59 1.00
-363.13 336.34 1.00
301.57 -503.24 1.00
-916.33 109.98 1.00
702.55 186.88 1.00
-915.54 -79.47 1.00
-334.70 -215.04 1.00
-434.45 -834.91 1.00
-807.69 -652.23 1.00
495.80 877.27 1.00
581.27 465.80 1.00
361.59 -265.36 1.00
-388.25 -919.11 1.00
-420.21 302.42 1.00
908.78 526.81 1.00
679.25 919.40 1.00
70.40 -158.74 1.00
-572.41 -393.51 1.00
-411.76 878.27 1.00
625.44 -93.78 1.00
201.20 433.65 1.00
790.76 -462.20 1.00
288.25 501.14 1.00
-794.05 988.65 1.00
-190.00 -940.27 1.00
956.43 918.97 1.00
-873.59 785.87 1.00
213.79 96.79 1.00
-315.57 942.58 1.00
-709.79 705.00 1.00
603.01 -365.77 1.00
363.43 -804.82 1.00
127.76 895.81 1.00
297.80 -537.21 1.00
104.38 -248.25 1.00
470.34 -4.25 1.00
-839.43 112.28 1.00
-600.52 -539.54 1.00
14.47 -997.52 1.00
-849.33 440.31 1.00
588.77 -483.25 1.00
-783.31 168.59 1.00
969.68 746.56 1.00
791.92 -767.12 1.00
296.93 847.60 1.00
-254.63 -525.32 1.00
-346.21 -827.94 1.00
574.40 781.24 1.00
186.56 -535.80 1.00
692.36 109.55 1.00
-199.47 -321.45 1.00
-372.37 199.64 1.00
-761.18 -468.87 1.00
985.47 -241.96 1.00
587.32 306.54 1.00
915.90 -959.48 1.00
-968.09 303.43 1.00
321.08 775.92 1.00
-790.00 286.55 1.00
-277.27 -282.34 1.00
661.26 -724.40 1.00
225.37 340.21 1.00
804.64 20.06 1.00
930.93 -870.23 1.00
437.42 376.82 1.00
-160.51 204.14 1.00
428.17 745.58 1.00
-879.18 88.70 1.00
719.11 976.56 1.00
-770.63 931.17 1.00
51.80 30.47 1.00
930.19 214.92 1.00
-507.19 705.39 1.00
247.42 -880.40 1.00
477.28 -712.60 1.00
-538.01 791.52 1.00
100
-272.03 -905.30 1.00
-397.69 -985.61 1.00
-97.99 -345.44 1.00
-767.54 -86.31 1.00
247.44 -630.17 1.00
94.76 -188.98 1.00
94.36 439.13 1.00
-860.04 -118.04 1.00
-973.47 930.25 1.00
669.21 240.49 1.00
-916.57 -888.37 1.00
643.14 444.63 1.00
593.81 95.07 1.00
296.73 -220.75 1.00
737.12 447.03 1.00
-275.49 153.17 1.00
-356.14 294.20 1.00
290.68 -848.05 1.00
-309.27 -883.98 1.00
107.08 -854.03 1.00
-316.93 452.42 1.00
559.64 -543.67 1.00
-173.05 -2.09 1.00
-985.56 -598.56 1.00
77.47 65.87 1.00
-239.59 -758.19 1.00
-690.36 759.57 1.00
-235.19 -381.95 1.00
-78.98 -213.91 1.00
249.85 832.30 1.00
-153.58 569.56 1.00
302.89 410.32 1.00
133.37 281.43 1.00
466.27 -178.95 1.00
-783.98 -553.92 1.00
-819.59 269.75 1.00
702.59 52.14 1.00
617.98 888.92 1.00
-590.34 552.11 1.00
750.08 -271.25 1.00
781.21 -152.52 1.00
31.45 -956.57 1.00
-846.75 -861.51 1.00
-945.15 -394.82 1.00
729.42 -894.46 1.00
954.87 -761.11 1.00
87.45 -668.43 1.00
-89.16 -988.54 1.00
-595.46 191.09 1.00
-406.29 -375.52 1.00
591.63 98.14 1.00
944.98 -622.67 1.00
-643.90 877.94 1.00
304.86 -715.32 1.00
185.32 131.70 1.00
195.54 -916.52 1.00
192.91 669.17 1.00
-657.98 15.16 1.00
269.32 -926.52 1.00
-20.86 601.84 1.00
-824.09 -670.09 1.00
817.32 -261.93 1.00
-276.62 -35.59 1.00
-709.96 628.94 1.00
-109.83 -378.95 1.00
429.23 -359.08 1.00
-482.57 144.08 1.00
-727.30 578.17 1.00
-639.15 256.33 1.00
126.66 -454.36 1.00
-493.19 936.41 1.00
-468.02 941.48 1.00
-99.80 121.75 1.00
-541.23 -626.32 1.00
296.94 963.83 1.00
-55.66 536.88 1.00
-853.23 -491.73 1.00
511.49 519.47 1.00
697.68 -597.14 1.00
369.17 573.63 1.00
-871.24 -759.53 1.00
422.21 418.62 1.00
-928.32 911.88 1.00
440.45 -808.40 1.00
329.59 -402.48 1.00
-612.47 612.58 1.00
-392.87 430.54 1.00
921.82 -261.01 1.00
240.21 352.45 1.00
-529.05 463.69 1.00
533.69 -546.98 1.00
-300.12 -572.89 1.00
-323.35 -790.11 1.00
989.16 -325.81 1.00
901.74 624.62 1.00
553.67 -906.72 1.00
192.50 -453.59 1.00
289.15 959.17 1.00
-978.00 400.26 1.00
-503.20 942.05 1.00
100
148.53 311.18 1.00
437.58 -978.14 1.00
-978.02 931.44 1.00
409.10 -185.90 1.00
-160.40 250.20 1.00
-595.86 809.59 1.00
-787.25 -45.95 1.00
-103.19 -541.24 1.00
-106.66 -655.98 1.00
-456.54 923.87 1.00
404.13 -127.10 1.00
126.33 -362.62 1.00
954.63 -100.19 1.00
-10.09 735.64 1.00
507.51 -757.22 1.00
-509.38 397.48 1.00
51.87 917.58 1.00
917.66 418.63 1.00
207.74 600.47 1.00
110.27 -487.32 1.00
619.04 -132.15 1.00
-761.16 157.57 1.00
-740.02 -213.59 1.00
-999.68 -607.72 1.00
-499.25 706.29 1.00
917.65 467.85 1.00
-996.38 -846.06 1.00
324.93 -838.24 1.00
-285.62 174.86 1.00
-393.35 -697.62 1.00
-113.44 701.83 1.00
675.28 811.91 1.00
-586.88 815.41 1.00
-223.89 337.87 1.00
-485.97 584.82 1.00
-611.90 15.90 1.00
791.41 579.88 1.00
799.64 4.93 1.00
-393.51 -881.76 1.00
122.05 -968.05 1.00
894.24 633.34 1.00
-988.12 983.09 1.00
-69.28 63.10 1.00
833.72 -735.56 1.00
-594.30 343.43 1.00
859.33 979.45 1.00
-91.88 -521.16 1.00
166.88 -844.38 1.00
670.71 864.30 1.00
-194.87 839.60 1.00
573.53 -761.21 1.00
-507.81 404.32 1.00
-583.00 -217.84 1.00
-240.53 -304.63 1.00
626.85 90.58 1.00
212.10 -530.01 1.00
60.12 -886.45 1.00
-136.21 225.24 1.00
658.67 629.66 1.00
-244.86 -275.77 1.00
-366.21 325.25 1.00
-765.45 -139.25 1.00
990.41 -121.87 1.00
-822.46 894.21 1.00
802.12 -424.13 1.00
-878.13 357.72 1.00
-338.51 -360.37 1.00
898.38 -965.27 1.00
207.81 -867.94 1.00
127.72 -378.29 1.00
-144.59 -723.09 1.00
670.33 -882.33 1.00
-526.87 671.47 1.00
-407.50 681.33 1.00
-91.09 -422.38 1.00
-903.44 -497.74 1.00
744.59 -412.34 1.00
-513.33 737.03 1.00
606.81 33.28 1.00
-80.60 -520.09 1.00
-646.20 584.26 1.00
-861.27 -13.15 1.00
-664.21 749.56 1.00
383.29 39.56 1.00
344.26 -503.59 1.00
117.64 44.68 1.00
937.27 451.85 1.00
-387.93 -329.17 1.00
915.46 -841.99 1.00
180.87 -563.35 1.00
-11.76 -42.13 1.00
508.40 916.31 1.00
-94.62 -127.22 1.00
-940.52 -927.74 1.00
-784.30 -82.45 1.00
626.18 -332.86 1.00
10.82 526.43 1.00
-156.34 -706.29 1.00
653.66 730.36 1.00
890.08 220.16 1.00
