99
2525 1
2400 5
300 2
120 60
60 90
600653629 1
496195586 8816
352393779 1
202763357 7993
967775344 1
781584383 2262
684537322 1
415253369 8820
844045071 1
595282102 1748
788008039 1
137766825 744
877870282 1
708877683 42
85146569 1
23728757 6620
518621270 1
323416216 2023
17128746 1
15958147 147
977369159 1
975461606 2307
686481330 1
342814202 6039
663438717 1
24097093 4900
705098777 1
180927733 5569
268628196 1
146906127 4227
866784727 1
310503459 7217
759181127 1
502674808 3752
1000000000 2
100 10000
200 10000
61832968 1
40459161 1318
597967246 1
185945952 1626
1000000000 1
999999999 1
468773281 1
212114288 9663
550476696 1
11327145 1854
447141610 1
151655672 3524
1000000000 1
1 10000
962590117 1
161177544 9399
112398915 1
44520232 9962
422779350 1
194283439 6053
26722623 1
24994913 8690
36093119 1
15917511 4637
360739353 1
184492947 6475
906288357 1
344571948 3967
689142283 1
237723766 4179
295030640 1
252781748 1246
1000000000 2
12345675 3
12345676 2
555805398 1
186056599 9587
118408638 1
59250254 6943
611130337 1
205687211 3964
1000000000 2
999999997 3
999999998 2
189336886 2
148745596 5203
14526019 3339
656785373 1
84798754 5988
877576909 1
768515412 4200
291965634 1
215980104 5311
871079087 1
24473514 3698
207541568 1
51549384 1919
464297606 1
101469493 2070
208383472 1
86114910 6328
398647349 1
329974677 8326
861301279 1
129952759 7306
427076085 1
405407757 4278
615750463 1
238549684 1472
355759295 1
73233449 7694
777683131 1
180113820 7711
842313117 1
2302069 6960
765998434 1
418458849 7276
525807506 1
505666499 7062
332102479 1
40956185 4450
428623300 1
114128629 3833
729983960 1
212452842 6837
940273730 1
355806793 3018
989935421 1
96174169 6946
861603491 1
725120488 8582
244488690 1
7178097 2516
977462542 2
569232951 7961
280795844 2234
464895326 1
91120364 8518
1000000000 2
999999996 3
999999997 2
406951687 1
287475304 1621
200000 2
5000 8
5001 1
889954933 1
392553127 1669
241839244 1
117129351 3634
783520191 1
93869040 685
394428671 1
249616368 7599
886642181 1
785935374 3715
1000000000 1
999999999 10000
428154108 1
104542106 3365
775567951 1
131902562 928
965945346 1
360841938 3069
1000000000 2
998000000 1
999000000 1
788637240 1
522606520 2796
538847189 1
465162216 8812
165370220 1
5846677 5566
1000000000 2
1 3
2 2
306487239 1
157623722 8803
41905404 1
20496222 1327
601510670 1
110592375 5456
668983437 1
292081736 931
783856908 1
94401453 201
1000000000 1
1 1
2 1
1 10000
890364210 1
583676315 7568
822061950 1
162034983 5995
789955328 1
546720621 7916
1000000000 2
999000000 10000
998000000 10000
2 1
1 1
637491771 1
20299653 6143
814718407 1
197909187 2805
1000000000 2
999999999 2
999999998 3
